0.310157
0.066497
0.109996
0.061955
0.127311
0.060541
0.109811
0.059088
0.092615
0.057331
0.126009
0.059525
0.104695
0.053483
0.094731
0.054619
0.052832
0.109455
0.057872
0.129348
0.060034
0.114082
0.057574
0.091473
0.048599
0.110673
0.04344
0.09514
0.042047
0.0892
0.040951
0.088686
0.040914
0.088814
0.296273
0.063816
0.125146
0.060187
0.114421
0.058407
0.127565
0.059869
0.104694
0.059723
0.122562
0.0602
0.104077
0.059711
0.095038
0.06308
0.09805
0.063171
0.109809
0.059347
0.131531
0.059541
0.119234
0.062067
0.107443
0.064008
0.118681
0.062026
0.098317
0.058279
0.095261
0.059888
0.11535
0.058518
0.130266
0.059373
0.108534
0.058516
0.127021
0.059028
0.114653
0.061804
0.094188
0.060961
0.108658
0.062486
0.135261
0.061063
0.110067
0.061752
0.114573
0.06269
0.115959
0.065549
0.100055
0.063431
0.137768
0.063583
0.090996
0.063489
0.09939
0.064467
0.108233
0.064904
0.119338
0.061525
0.131961
0.061306
0.099229
0.061888
0.090897
0.062065
0.082604
0.061881
0.134513
0.062113
0.098119
0.063375
0.120832
0.06322
0.096123
0.062959
0.100043
0.064456
0.098233
0.063238
0.097228
0.064348
0.133879
0.073594
0.145381
0.064678
0.112045
0.064484
0.117734
0.064611
0.090499
0.062614
0.102679
0.063022
0.114474
0.064069
0.098132
0.063279
0.100248
0.064857
0.121355
0.067612
0.1078
0.063515
0.118202
0.063197
0.09925
0.061375
0.119169
0.062309
0.121941
0.063147
0.11739
0.067982
0.11534
0.077696
0.110031
0.061807
0.11114
0.066373
0.121739
0.065468
0.138932
0.062898
0.117304
0.065325
0.105783
0.06858
0.123204
0.0676
0.126412
0.066054
0.121142
0.065655
0.118575
0.063714
0.146287
0.074489
0.102674
