0.991441
0.076214
0.119753
0.061206
0.12265
0.061144
0.119724
0.061132
0.122015
0.060074
0.114417
0.059928
0.117492
0.060307
0.060695
0.060125
0.060332
0.116371
0.060322
0.114444
0.060136
0.132551
0.060199
0.131613
0.060499
0.124206
0.060263
0.118358
0.060164
0.121718
0.061477
0.121996
0.061333
0.114077
0.061524
0.118039
0.074679
0.105771
0.061754
0.122937
0.060389
0.060189
0.10185
0.060599
0.118342
0.060076
0.114954
0.07919
0.133967
0.060229
0.060467
0.113752
0.060273
0.060227
0.104778
0.060393
0.060093
0.113877
0.06547
0.060375
0.095776
0.060264
0.118787
0.060184
0.118286
0.060277
0.13368
0.060409
0.11959
0.060465
0.114719
0.060514
0.1342
0.298677
0.060173
0.060257
0.116462
0.064392
0.061456
0.116989
0.060227
0.072742
0.137012
0.060117
0.060423
0.079301
0.060088
0.060547
0.101357
0.060406
0.096114
0.060982
0.106633
0.059832
0.060878
0.116782
0.05998
0.099022
0.059949
0.116103
0.062119
0.10944
0.063555
0.139481
0.062473
0.142278
0.06232
0.119302
0.061859
0.355608
0.134173
0.060923
0.063644
0.139376
0.068345
0.074797
0.130472
0.059963
0.060299
0.136956
0.06299
0.150288
0.062628
0.079546
0.094964
0.063571
0.064604
0.128005
0.063091
0.060283
0.121658
0.06015
0.060154
0.116531
0.061574
0.061988
0.133966
0.060275
0.132187
0.060338
0.124085
0.061938
0.063194
0.123357
0.06004
0.116348
0.060219
0.10402
0.072937
0.119813
0.064661
0.11953
0.06522
0.135302
0.060327
0.107635
0.060398
0.060533
0.133036
0.060862
0.060474
0.115656
0.060821
0.060554
0.133711
0.060345
0.117299
0.060733
0.061007
0.097167
0.060612
0.060739
0.092998
0.060915
0.118778
0.061085
0.125774
0.060689
0.115767
0.060388
0.117336
0.060094
0.11514
0.060381
0.107305
0.07798
0.0609
0.118864
0.073044
0.100314
0.063829
0.063244
0.118064
0.064094
0.061886
0.119835
0.062084
0.064352
0.139496
0.074435
0.061887
0.130465
0.060331
0.060666
0.08982
0.060364
0.060471
0.131949
0.060537
0.33777
0.117063
0.060211
0.102408
0.06257
0.061565
0.140286
0.063039
0.065156
0.127077
0.05988
0.059904
0.119746
0.060004
0.108325
0.059921
0.125245
0.060189
0.114224
0.070727
0.127287
0.064267
0.119507
0.062883
0.120922
0.061702
0.133709
0.061621
0.108632
0.06305
0.320837
0.109774
0.060335
0.116756
0.062687
0.061864
0.068118
0.06545
0.136749
0.085635
0.08383
0.115646
0.060471
0.117553
0.060508
0.104967
0.065386
0.121208
0.06026
0.11563
0.060254
0.114852
0.060174
0.119706
0.060426
0.120081
0.060212
0.119977
0.062091
0.117118
0.060376
0.11912
0.060532
0.101464
0.059877
0.1016
0.062611
0.125252
0.061671
0.139551
0.060274
0.118545
0.060252
0.115618
0.060374
0.127848
0.061651
0.140821
0.061774
0.127076
0.063018
0.137405
0.062962
0.063019
0.064096
0.061959
0.132633
0.061822
0.119
0.062222
0.120788
0.061793
0.097666
0.060406
0.091758
0.060491
0.11492
0.061527
0.120589
0.063009
0.118533
0.060243
0.114851
0.069268
0.416455
0.162124
0.096014
0.093656
0.157064
0.101538
0.099959
0.140165
0.095188
0.092923
0.152243
0.09416
0.096388
0.152767
0.095417
0.149635
0.092786
0.153066
0.096423
0.149102
0.095659
0.143288
0.100936
0.160125
0.095447
0.151986
0.099009
0.151664
0.101699
0.159233
0.101541
0.157788
0.101748
0.158541
0.100279
0.148376
0.098052
0.137638
0.100207
0.168133
0.09951
0.145589
0.102071
0.149402
0.10029
0.180204
0.098021
0.157064
0.096583
0.353586
0.137381
0.096934
0.157198
0.099172
0.158213
0.096726
0.15132
0.09272
0.148264
0.093858
0.147479
0.097121
0.140759
0.094093
0.146782
0.096599
0.14982
0.096062
0.140403
0.09796
0.155743
0.094242
0.15723
0.101308
0.173976
0.094116
0.152844
0.092047
0.127062
0.09936
0.149414
0.096649
0.167776
0.094187
0.153355
0.096969
0.14031
0.097013
0.163636
0.092426
0.177032
0.099347
0.15157
0.093175
0.151066
0.092686
0.151113
0.096989
0.1469
0.094676
0.149301
0.09364
0.158304
0.098988
0.173081
0.0933
0.151534
0.09232
0.146647
0.097023
0.164818
0.099925
0.14969
0.09444
0.146835
0.098046
0.144852
0.093862
0.172684
0.091465
0.170723
0.103678
0.150683
0.089751
0.151413
0.096033
0.15178
0.092263
0.146686
0.091539
0.147824
0.094991
0.15365
0.094129
0.145237
0.091134
0.147472
0.090729
0.144355
0.091915
0.151887
0.096185
0.155313
0.09119
0.091027
0.152065
0.095926
0.149227
0.091421
0.147318
0.090419
